[app/ui]
version = 7.2.10.1
modtime = 1608333496.003866000

[app/launcher]
version = 7.2.10.1
modtime = 1608333496.013256000

[views/ping_status]
owner = admin
version = 7.2.10.1
modtime = 1608333722.912852000
